1,8,12,26,31,38,6,
7,12,26,27,31,32,12,
5,16,23,24,31,37,15,
1,8,11,15,21,31,20,
1,6,9,31,38,39,10,
10,13,15,20,21,33,2,
26,27,28,31,36,38,15,
2,9,10,20,32,33,7,
17,26,30,32,35,40,19,
6,19,24,29,32,39,7,
3,6,11,14,17,35,4,
2,14,15,21,22,32,15,
3,4,6,12,13,20,1,
8,30,32,34,35,36,4,
7,8,13,21,28,34,4,
5,21,28,33,36,37,2,
8,15,19,21,33,36,3,
8,11,16,20,23,29,9,
21,22,29,36,38,39,12,
16,18,27,28,29,32,2,
2,15,19,21,34,39,10,
11,20,22,27,34,39,6,
3,4,9,31,37,38,6,
20,21,24,26,28,38,15,
1,14,18,22,30,34,17,
4,6,25,26,29,40,18,
6,8,11,13,24,34,7,
3,5,7,10,13,22,15,
9,13,14,15,29,32,17,
7,9,14,24,28,31,11,
19,26,27,33,34,37,20,
14,18,19,20,24,29,11,
4,8,13,29,36,38,3,
3,7,16,25,35,39,13,
10,11,12,30,32,35,10,
16,24,33,37,39,40,1,
4,6,11,16,21,37,3,
12,18,20,22,23,37,5,
1,10,16,19,27,34,10,
5,8,15,16,18,29,19,
9,13,14,25,27,34,15,
4,13,17,28,34,36,19,
2,12,14,20,30,38,15,
4,8,12,13,19,30,2,
4,13,19,27,32,39,16,
9,10,18,30,31,33,10,
7,9,12,17,23,40,8,
4,7,9,19,20,29,12,
5,15,22,29,36,40,4,
2,10,12,14,16,20,8,
3,4,6,29,34,39,7,
6,10,15,24,32,37,11,
3,9,12,14,23,27,12,
1,8,20,22,23,25,12,
4,16,18,23,24,29,8,
6,7,20,23,28,40,15,
15,26,29,30,32,36,4,
9,10,15,21,35,38,9,
1,8,14,16,17,23,11,
3,4,10,25,28,32,9,
5,8,17,19,33,37,14,
11,12,13,24,25,38,7,
5,14,16,20,26,29,8,
10,19,26,29,34,37,16,
1,6,10,14,26,27,7,
4,23,24,26,31,40,13,
2,4,23,26,30,33,4,
4,10,23,34,37,39,20,
4,13,17,18,22,26,20,
20,25,29,32,33,34,2,
4,7,24,28,35,40,12,
7,21,34,35,38,39,5,
2,5,21,26,27,28,19,
3,22,26,32,34,38,18,
5,9,23,30,35,37,18,
8,16,19,25,26,29,5,
3,5,14,24,44,5,,
9,28,31,38,45,19,,
1,17,31,32,40,16,,
5,15,23,33,44,27,,
4,14,23,24,33,16,,
9,11,14,28,30,37,,
16,22,25,35,37,24,,
7,8,13,25,29,37,,
23,24,26,30,35,32,,
5,7,8,19,20,10,,
11,18,23,29,30,24,,
11,13,18,30,36,45,,
5,19,21,27,33,3,,
3,10,19,35,38,25,,
2,6,11,17,20,21,,
8,16,24,25,37,5,,
2,3,21,22,32,45,,
6,12,16,25,28,10,,
13,18,30,38,42,8,,
7,8,21,30,31,29,,
2,14,21,29,39,28,,
20,26,41,44,45,9,,
2,16,24,31,41,11,,
6,15,22,26,40,13